305344
387418
2439493
1664010
2118461
1639792
1314869
1461435
2606799
1932594
2056022
1114324
752642
491531
1663888
727242
1473980
716173
798296
1403217
1852040
507603
1001129
2625420
1792741
303948
2457095
2147527
2143500
16272
1806515
1299887
1061195
2238060
57633
1037245
1710658
322009
1927580
2237185
1673185
682963
794999
2291306
525356
1977959
1784150
1227322
1300759
2083367
786312
2062350
1298511
1110156
530789
1028463
636262
789014
1105029
504620
1935793
184705
1902838
2537543
3321
1602153
2256485
2040859
1612901
1876520
952156
1272379
2061495
818752
319058
1707198
1470123
2315012
862596
1519378
595778
2102030
722591
1819462
2176465
647979
1903324
447759
2460347
555528
238740
2602249
769702
341649
2150746
1984086
147386
1563935
1509395
1984315
402266
1516350
71594
2485642
2327743
2297136
1166912
397212
789969
1205174
235789
74441
1029163
1233297
1559083
1431356
2584676
1033930
2157060
1146000
1452127
394895
2248080
2119007
2634967
2255880
507094
1777406
638020
743633
2220732
684876
873713
958687
929308
411290
1139570
844028
316155
825353
1268699
121182
1557557
166041
2514777
603277
908205
1532336
2035299
1317671
2604976
1370564
716874
2519299
864172
49890
1257336
178860
2225743
159159
2260832
2284890
306569
1978089
188613
230112
2541385
1494683
518137
1001928
2375962
2089599
2554745
1986034
199257
1556831
2534061
1374197
386947
1988735
157667
2588510
78404
2266083
1301819
1184498
629389
2538506
952063
732363
2475820
883478
2320697
1515355
1661344
2438449
411705
691808
2450433
461075
2299661
608234
1771252
2488357
1107588
901520
1002509
2018894
320314
655385
684531
237263
2329026
1875549
1757328
503235
1567202
2155681
1830000
1872980
2626336
1220170
438340
1038880
307427
2389367
663118
1934002
1333
1907667
1086481
524142
981753
1567970
2268573
243612
1026933
2207031
1092521
923631
2479320
1816884
2099446
1627955
1190829
329958
1045879
1737149
1309838
835265
642384
1117152
2218735
825819
1116080
75976
574834
1616870
21823
101807
620010
221926
2194079
837133
2256731
11043
1030857
1569593
1949871
1561134
2433610
1380915
576990
2147714
1629440
2552319
1745107
1179117
1913414
2217731
893014
2499884
2360906
462171
2588755
1995860
2484944
2029979
1660348
2070798
1582952
1945809
2127108
594196
2404142
2430041
383451
1224299
1072312
2494753
2282041
1480900
10268
1704223
1818059
2171187
414536
1238184
1528604
408457
2464081
998236
76196
429260
1420308
651230
831103
589682
1684232
1933317
1865249
1999176
578191
1037705
57186
1357209
1640334
2124351
830370
407037
302344
1744889
2600558
2041854
1545709
1123618
753107
2429294
2535052
199435
1334853
240923
1123175
1998055
2254751
257622
356615
340479
601317
325073
2566515
754161
332698
1282217
1284016
1042938
575714
2520506
670488
1859573
1189269
2398923
1979820
1495111
1762695
1143750
775020
504440
400440
1156852
1643146
549534
122197
285174
1310425
1645904
66109
2645579
624388
860520
1452669
272840
467182
823802
364749
327122
155342
752853
2203225
1684416
2523426
2463759
71743
2232563
1223912
53694
349572
2043784
151821
2339135
277837
2185614
74320
877394
717542
491513
2226510
380505
1279360
170248
954742
1675680
595870
200255
111033
2354740
946380
399971
1229628
1558286
97893
826696
1650301
929407
110938
998502
16273
27061
2019240
1420020
1829748
1548363
165247
1257454
2366462
1878798
151004
1800701
922551
1181550
686510
1490538
1007577
10374
1287892
2291170
785992
2385435
1887657
2538567
2630337
2299951
706832
1484157
1147641
1785209
620741
12812
1072585
1106241
768876
490057
187896
2101288
2251582
1662714
962019
2029858
2535512
326356
1957786
1430108
1988192
2417531
125296
1788346
1398256
2328511
428688
499257
2209351
2511278
2250323
832780
2401585
2550506
1255703
879760
974174
835353
2446249
2394024
2509048
2049734
685565
485601
310887
2226525
1559022
461110
753231
968184
2495584
241634
2442646
17864
452667
2166018
1421913
232877
1575462
361886
290916
478176
1274035
1583631
1519692
2393478
320856
2290732
1720861
10679
2005241
240748
1385788
2012897
136477
206893
1814516
1456579
371701
701443
1777614
522180
2519865
2174151
992021
983069
1813197
764785
953110
1114342
779811
1573228
2023883
2349412
1741099
1919269
1119113
1351421
182203
374741
1615850
2100574
1559165
2376301
1563698
107776
2541025
492291
2260788
1087944
817339
230265
759737
2136927
1867238
515436
2350588
1823645
758383
942523
567705
2545730
603543
2406705
1399249
723448
1820960
828349
48607
1275094
651541
1194911
49585
1480571
1073300
1769985
1480781
2450942
282654
1458854
491331
2244849
2237988
1109043
2409465
2536547
411512
702403
1663694
974823
1177340
2102846
525071
1181558
455024
2153721
2198123
1741303
1413367
1397843
1174530
2035595
872408
2024111
1489224
1526365
828444
1727232
97578
1002943
170551
1174811
2387463
1054564
1184537
973313
2289197
1625122
1952860
224795
2205594
476695
1044050
1428930
965104
760481
2110107
1520166
286684
2584980
885386
2526414
596995
1033433
2069442
2540684
2640550
1935592
437586
612111
1629801
826184
1173289
1877483
1034831
980292
165374
1242044
659526
2366006
200805
91234
342510
111086
1115451
2495474
256676
43751
334643
890573
524295
1486829
282887
1130133
416560
2398061
2232041
2375169
1821474
1578801
655601
1060057
128389
922922
1134379
1294425
1848938
138835
2365581
2110645
864647
1596469
1771365
774602
200427
2043555
922812
924960
780768
2588416
2037693
1510091
2503887
128311
2551641
1112365
1827859
275600
953604
1815129
306466
1435891
108936
1057992
551208
867311
1662098
472734
2601377
2023518
189887
923517
219888
2636478
720503
248904
826270
1611056
1672832
748141
1312661
1782185
279966
70476
1110164
1832073
952582
1383836
819314
1610234
46650
701962
1605580
683254
2161899
1297347
1392942
431326
309424
1253619
554137
403915
862040
2126215
2455281
2356870
1719610
2599262
2345098
567875
2278766
1200256
1706873
940516
1424487
2584252
1327900
1565175
55339
325844
1310250
1348456
2513621
194528
2536114
504211
265257
2531844
1733406
247794
1393159
1105686
835847
290700
1828803
1337026
700490
2107068
2640278
1446775
1847613
1226844
1296679
1251664
3998
2059696
2144655
2033070
637266
1092677
2524669
377937
956229
2518947
441361
427186
1880039
1812378
250509
2640760
510834
981199
2491620
1459727
287566
1207990
920932
2637886
1854658
1167767
1726438
2145441
1087416
2372141
1599243
2394704
2257189
328212
1132940
1488844
2152273
2607300
442963
670416
1486956
408645
1065445
778615
432259
1538355
1099833
515441
1210199
1178846
1800459
1642678
1783225
360005
652618
2040853
517441
2554035
236160
1932377
1939431
1313126
2103029
1191408
1914525
1365840
452299
2295594
1130380
1444777
935732
1841531
635056
154669
2141105
1329904
2086265
109177
242681
847313
1197493
349331
2043149
2549238
152858
1416836
2388205
596255
1299355
507921
1984978
1120091
1018379
1009622
227799
962151
2556305
1436780
1992205
1449358
1172980
1743756
2118885
1906860
2125368
366233
572481
1635582
2472640
1696308
1533807
476512
388514
1232251
689488
2465236
511899
2030523
2316337
1232164
1275275
1201695
317779
1262753
2457720
2205259
1951144
1592339
2312349
574499
2598647
838130
262411
827240
892694
1955660
2021377
1181609
1675194
2120912
1276711
1899913
828344
1814136
43530
2509588
318409
904391
1439882
894205
2455340
1268483
1456270
686204
1906611
2286189
407877
1197233
581952
2136526
1409104
782611
2041252
936093
436122
580231
2378918
2332765
804027
332300
609908
844049
1488926
608538
1371451
315168
401047
2446506
1084626
2133714
1150705
348960
1103080
1781198
2512235
1875008
1494821
1728944
2264426
716091
184888
1280761
347276
1886585
2152465
151153
2621201
2077046
2339734
1801528
1450883
1409687
486798
1772901
2152805
2361804
1125075
1293514
1645535
2552315
2039272
2533480
2243435
1570999
1133763
545026
2621962
315833
2198070
2513873
1039555
1737529
1790158
256278
1106280
1917470
1047830
2540263
1161725
197101
138106
2077664
1200461
1109700
1811832
1764923
442222
1758002
2000237
758850
2064995
5980
811530
228978
296452
1125150
1658662
1374216
1849541
863285
2598028
511883
2370879
1863499
1213178
2120864
1333911
1973951
2000256
719755
2228750
2319282
2600868
818416
1763979
1057021
1300582
1049142
2333850
974375
753663
707528
1993796
1247574
1494162
1830690
1477153
654401
2238629
1279821
332923
934647
1124753
1527676
1977612
881355
2627190
830855
1077945
288420
2596383
1671947
804602
670382
2543231
2578541
2416290
32902
983042
72607
1332725
2375380
1478117
203738
1835142
2034589
1197972
478815
1860332
1628484
1084999
1739082
1613540
1082263
361375
2204299
2603700
1276473
642551
1540655
1486501
1281882
2492695
1256752
933819
872882
1216880
2576843
1717979
1116110
1144139
2497991
2623852
2017088
1517590
2137795
360830
1658790
1098431
2496492
840763
122019
62361
1300687
2262335
1132764
1291455
311070
2418086
1551751
853491
903666
1692302
2297074
1220431
168523
2466682
419691
933168
75384
1424768
1024568
2417320
406841
1229656
2487127
1766524
634388
1423063
2607155
1916224
1034714
38879
11796
2257323
2341389
1844442
1936110
584437
2629599
1503647
188190
1580437
1722054
237286
2276659
390062
529687
1663717
2172649
1441086
608501
1988633
911828
1952500
1912542
1703879
98586
116252
2466899
1972040
263291
391521
2546942
106870
1632290
269474
2079894
415641
321089
2583311
397001
1519073
1370666
128348
901269
1594764
1080872
1329779
938764
823628
760943
2299517
2257122
274191
2090015
1165236
1605122
1349711
2029766
2646347
977932
2089924
2597802
2170930
2092609
464774
1360936
259431
1322467
654591
47411
1436668
1906026
1382872
61472
492714
1444657
2492392
874550
312937
781610
1283171
2481504
2521955
271346
2263041
520704
921585
415672
1973244
133670
496436
2383871
2199355
1059661
79380
931232
1774181
42487
806605
546751
923889
2468881
86365
275338
731988
471654
2604057
1400154
2385226
542907
1659398
2039201
324510
318457
1428452
2343417
1480807
133129
44734
80683
2512828
2494071
639194
417746
67134
1127117
2090715
715542
976385
610024
1134816
2305067
2629195
652972
402413
1287490
2021943
1230594
1466382
2331946
554587
1586533
226048
326502
520507
2481827
1276913
1318289
1312066
1478444
570681
243304
2633486
440463
1739296
975592
369646
1118103
102028
1412189
1850680
2015182
675283
563705
610915
1145956
2561713
2402136
2311867
1592086
1482921
1878780
770133
1658101
297453
1911845
1778955
223043
1520710
664230
1862911
2117432
1881328
90900
1571565
483981
361407
831920
1649068
1347916
300435
2138793
1620319
639089
192889
1752638
876370
1153562
1312412
825831
2270619
501823
1401726
380354
2046091
1280149
1797525
1478933
1647674
2417151
267378
2272654
2229960
1730537
884944
1511683
483851
2120303
2045846
858814
2428423
1170335
1675966
1714672
647691
2158747
2025153
351213
2609677
290874
1556692
1095815
565510
2276333
1620201
2391686
2073766
1241893
1002780
844459
1079964
1022452
19930
420266
541870
2495043
1640132
2593882
706264
1753194
2048686
2578830
2167703
1787323
280167
2580072
1259374
2269039
1463088
1536728
64765
2335640
1769206
1615548
1015048
306658
2432848
835271
845991
741248
50400
317504
2570444
2203182
2204671
761998
255357
1825647
2580353
2622843
2487916
2502145
2244589
2496042
1675183
1755612
1324830
1546115
2397231
1670875
977533
2338809
977703
1942723
4905
553115
2081789
1067761
2246248
1739440
1394012
951446
685687
1621089
1835511
2115299
1473595
1990523
1470113
1066481
92786
129766
2402990
1999678
945258
1564191
2556321
962384
2452430
2647197
381346
2128440
1824009
2051278
190547
900096
1969285
30288
2115145
471880
1983493
868723
1334401
1385356
2394211
1198962
729150
1002688
247932
1935388
1376923
1144671
662124
807890
396132
2412878
2375964
58485
2557491
726543
1298147
2091736
444566
110288
1260854
2229399
536967
2468830
920088
1622407
1555531
921587
888450
931475
2080549
588285
2634707
760072
986794
1629176
1612558
1315827
1162805
2250261
1363315
54870
202678
2066490
1036350
752094
1277678
1979083
1663467
216059
1872926
623709
1931026
2256454
382817
1606342
1599850
1337699
1073396
1927703
1923216
590607
2349702
1925397
396140
1148389
139212
1289999
370735
152807
1653637
1502648
578311
2633545
663880
2218750
2202365
1090319
800136
1447639
2374782
2048858
2378393
1446909
1388677
1450484
731592
829101
1907843
1486389
2014204
2239537
1559797
2415196
2047888
2167896
673187
1041130
1250802
2539735
1745577
289162
2320222
2497577
1823259
2213131
2299152
111736
1828179
10947
1226928
1130863
1902573
2289956
1244123
1227730
1155747
1006406
1319658
2557596
1287939
187322
2187693
1258738
1432790
537601
1600210
453585
1175391
201707
103619
418339
570428
1161915
361630
1995099
1058034
390912
295718
1147370
40563
1637683
1845415
1418521
76916
272280
125765
162348
530670
508927
1257450
1536419
1468812
2042985
2444240
1357072
2583202
1933447
2355625
1036991
285975
142492
2469479
1582412
512303
2400645
531010
1660384
1225914
750677
474700
1793717
1116290
1912002
9557
2251669
1203779
910339
1603022
1419750
789894
2138987
1879665
1733203
651625
2206502
2355940
87113
1691893
424202
2406958
790459
1085991
116140
753596
687769
1054137
583086
1693002
2487901
1684328
2283211
1606064
423990
1090296
2152856
1599855
1708281
410206
1333494
165060
577109
592445
479924
596550
2047577
1176800
119287
2351580
314110
2233782
1616437
1152594
2012563
1986937
280260
633722
2331318
2468305
2071383
1357786
1876574
674963
1531029
1048629
736927
690426
2204746
2181504
1727342
1294471
646323
1641072
2631950
1043135
423361
1562633
939816
1405395
1183823
2190100
1650580
1531342
1574264
1710643
383404
933855
717338
2008700
934993
2617170
406948
1637761
1563429
1806731
639533
2458372
714349
1410683
2074458
1981464
1533313
1466323
600160
467885
1035000
1981621
2521051
2336531
1923886
683427
2519310
740929
2093105
803605
2356911
2071416
1567792
912093
1550359
1239283
514829
652324
2398373
1580943
1749656
1867416
707496
2127496
21364
1686713
1290593
2035310
2073563
2204336
2407154
1655778
926900
872591
105532
1941703
659029
1717060
1909121
1521272
504981
2472682
1116065
817464
538668
1910320
1095791
1094767
2457240
513501
1265131
385977
818736
1941862
2303820
760211
2535229
1079165
2148252
2063030
539743
2085613
908626
1206843
2439795
2130859
1704311
1517061
2306984
2364018
449597
1894544
1986816
942771
1788733
1173570
684587
2508312
1529376
663627
104237
582315
1048069
682739
1918750
838612
631747
1224756
719294
2572690
43177
237449
694070
2325737
241068
2064713
1902609
1122364
39242
1397082
731685
1902140
2121379
1084484
798262
1377637
1144887
505109
2097976
1637213
2290263
1746056
39297
1068610
1386457
1168926
1751084
2398821
519965
2216056
52352
1922670
246980
2402139
1890844
2101921
901167
1740987
1208146
817916
303002
329475
2077168
2291589
649969
953667
2482502
2373185
1514886
1806991
524672
691878
152063
1725003
2235414
2368686
818025
2627800
2415589
2004524
1737862
290360
2047178
1842201
49355
732775
362038
1093671
101554
382186
1220185
206272
1920565
2585641
2142230
2620858
2182532
2360117
1112565
2412874
2396118
703585
1106982
1995052
1096082
2589121
2356793
2169283
95100
1419103
1863477
744875
2111672
2201302
934606
1241060
1194698
78846
1851346
729393
412439
1849620
869426
1901876
499718
923703
1769920
1951741
2107839
268719
2271702
993550
1988375
2222576
1315201
2451020
2600927
2412372
1866323
2459229
803137
2314956
2437021
913814
672097
1434507
1917540
2220239
1107860
437955
1576405
674927
25049
2216856
50123
2204444
2482831
1025888
1823065
1724806
1851429
136058
2195071
2204694
178266
412805
948572
1110479
550883
1348148
2090850
1771053
1796886
1732841
1058639
2147545
2534832
2215076
2193044
2509976
2328701
1478381
2167214
561184
2100306
2151845
2039521
2218269
733887
2126168
853135
2617574
1351898
442234
13432
2550324
32885
1939029
1300036
2068936
2407453
1387049
487866
2096942
2427026
1819758
538178
2087093
659285
124699
1765734
2201323
712609
2396324
1154027
2480287
2231930
1423956
1295471
652121
697054
407314
2593093
1126555
2646574
2053984
1532399
1221563
833951
497196
1055009
1571988
1778714
1371238
552356
230211
1532058
345704
2461433
2051372
1158822
1412213
2017112
829575
1287017
273019
1259776
1583566
4597
332079
1385580
1060658
1577480
247446
1561960
1313129
276869
1437139
1468007
1973503
857778
1550718
793754
1860673
2339981
372095
104724
2115977
1718526
2420298
1194467
1621023
320177
2203244
2168178
2210867
1977209
633570
859380
1802414
2442028
1715879
864618
609742
1444287
1528418
1000779
1794722
2151468
2194719
361702
620714
360264
1068988
504401
392651
931565
748028
2053910
1413434
2338157
920168
1071510
1670329
612653
1354717
1470972
2351276
2637755
1581343
2608542
2531111
1915014
350145
827459
2036838
1527527
494440
1486911
942007
2336079
933207
1298190
2322355
537912
1458814
2113709
972616
1579340
1632784
1407746
2002671
279265
1802059
14690
1356239
618832
2593441
682970
714802
330922
2315130
280112
1838390
1225682
2165353
1388216
1551042
712664
1271816
2496479
2239213
586724
1524964
480305
1460630
70893
1462488
1242432
507498
199769
2487603
377334
813594
129796
1705134
1552084
2415495
1861500
948801
2631815
1431636
2188684
2385481
1303306
848193
919160
850678
863227
431067
2509293
645373
1732840
1210904
1309057
2536943
1771587
606249
1102923
1313714
2633357
1104997
1014412
1166090
679869
679042
1857889
818816
1719990
1483654
1617915
1119020
2145575
1245143
586694
2076631
2213
734347
1720041
2079036
376600
213750
100712
2098983
1000387
80354
948109
2641668
125687
1292631
2023200
1714116
2037890
2176304
2577867
1517519
1344086
2467784
1961753
172217
1262887
278223
1505821
717972
1078800
962098
1172958
2105602
2164729
2327365
1344791
2629660
596918
209494
1840584
873556
775171
2632990
940016
1877143
1306304
1065402
1854660
1483664
2469190
1481961
181207
611049
2446344
1570077
1878548
1739230
387633
879912
73103
128040
1241958
1479892
1831361
708047
2470021
1187949
137602
140498
484675
2097548
2287125
1002367
349411
969772
2160527
1266708
1298173
1634668
224252
299805
508323
1606739
2483371
282427
1776870
2075165
1869907
2645476
774088
895641
1277779
174783
2440242
1529449
2594995
487949
2055243
666611
305604
45207
1918987
2534532
181592
1797483
384710
579352
2071037
152955
2592591
972914
875723
1229545
2177085
625067
1760492
1704416
876661
1742759
289710
299857
2179335
2403601
1048389
437239
2307327
576723
2571175
1973114
958634
1633009
2360158
1579413
1236924
2334283
1655656
1041552
2139083
592277
829466
829708
1181784
59913
2413595
1349717
2403533
915926
212794
2520513
383952
595054
823101
962564
642089
2113596
1224296
1961619
2073799
1352912
1900854
2304924
2294328
1476383
2234535
650771
1171523
2465894
1898310
1407227
70483
2397061
1501943
2387919
214254
2396765
1990316
516110
2354764
359681
2292140
1980593
2036973
385553
675468
2525542
994838
1718527
1328954
1508625
1272479
1928597
640464
1772362
525666
1727531
302425
1118220
1855394
1400108
287545
923325
1970337
1966687
35036
1003143
1710306
1326994
2503230
1868998
1132514
305111
50214
2401136
1722187
213486
1602924
1423249
8121
2424683
1880766
1013603
101564
1922072
760924
933837
1322839
767958
599145
1592816
1406633
1739615
2284673
501420
356035
995925
2274438
1056998
1128164
511847
1328011
88283
2644964
2445470
1267805
6629
2011043
571538
1820824
1621025
1152249
1599029
923103
2627394
897732
1312635
532653
1697790
2136912
364618
2512128
74427
1564649
794215
684648
2496628
1997103
647111
1085207
1123394
1323848
210185
930113
2002196
1302968
1458868
383702
769162
1839500
2107198
2330565
541135
1214181
1754537
1656130
1176119
2556523
1114884
1289515
1694750
324162
1163123
2603059
357056
2452132
1772215
1545694
1387099
337793
338723
1344624
2530108
327577
1706645
2429310
1795694
258675
964916
1104884
465414
1316671
295708
2406150
1176462
20774
200098
1671223
1607747
2125582
547341
2337144
1737974
256465
2490731
2259898
1862272
273945
1375880
1460561
2115908
1057247
2508565
982709
183674
2472638
2078245
1039760
542848
281729
1003874
1723621
2318762
249471
1196131
1511623
2259174
1213587
476765
613651
2241438
406375
862644
1840900
896309
1850353
1477154
124342
1094850
1516936
1654721
1267783
1648423
2386059
780334
374380
460419
1198632
1902417
2266166
342877
2073205
1602339
2555055
1145003
1486253
1854193
808604
2316252
443447
1977824
1640271
1979787
1534677
1439261
541376
2118863
1279939
2381792
1875533
2351402
927240
1759886
2185058
1058930
481049
2279366
1935981
767816
2301246
2371144
1750785
413855
2604824
185495
507873
1457134
979155
318939
2192840
895443
2446442
692048
294040
350009
2465288
372743
1532433
1633211
2186920
819822
393945
2424335
2539243
2203809
527953
257923
29815
2553056
1686270
1643961
2610031
2184768
541557
1824389
1725226
1546371
560579
2394623
1079598
1115285
2495253
37797
1467105
1830265
1498767
2270041
709755
333573
1871161
2548965
1890809
2233293
779492
871687
2405311
1470420
1107099
1020195
1734270
453239
766064
584100
1883721
1403184
1120721
2128219
555509
454519
2320177
851111
381828
382633
1057513
2219287
33430
731217
2045981
227151
431487
2590895
1065779
657606
1645377
1510943
1483838
269689
591207
871675
158607
1502539
1352747
1666057
170178
1077173
2141089
303969
1262523
781021
841432
2092076
321679
1953981
1081292
2205734
513933
1391647
590311
1746378
688455
2051538
627975
1553532
1127274
2090902
1918704
150038
2550838
1373956
1919770
1549174
1199011
1838526
1088988
2045949
1630967
1939221
319119
1215709
1402224
2565354
1510806
2103116
1553659
2138857
239518
2057611
2421395
459145
369912
1742103
2360767
1937631
1114349
1884816
290182
910244
21705
313419
827380
2091625
1597736
793892
212479
328642
1540380
658645
2452906
1832023
1769993
1176322
593252
530000
761476
59218
641719
1813076
708226
1835359
2360796
1331887
1667739
1658172
1885042
936307
1071582
1982465
826444
213704
383442
391012
2315135
1442150
808435
290342
219481
2025463
2314898
2237950
1851867
2089742
983523
633738
888617
465885
2112089
607188
2274452
505967
2222177
1505732
1669116
917571
2647888
275282
443193
654022
1496080
2516156
695091
1841056
838773
1406473
1348335
1430920
2283695
793113
1114362
906574
1833866
935459
2387904
472452
763193
840419
982098
266172
205023
692235
301019
2446246
675111
1691090
2327122
277916
2389860
472332
790348
892254
1283137
525945
831494
719725
1945838
2621150
1546549
481523
1417705
415253
1523710
766982
1588471
1907373
205438
2387707
879028
1685089
943436
1753201
534933
1083531
149575
602642
1402612
2059738
653361
456367
270523
836050
2573509
1193468
921783
1044742
501428
1782465
1641213
2158495
411396
992512
874505
2025577
914508
2397204
363868
2286380
1547747
1925969
1832243
922332
901684
2416772
2524708
1829594
1211016
1922925
2572942
947104
2133771
1423310
805207
2345122
2046649
1774516
1654627
1165121
1811259
44490
1207170
1877958
1464315
1178332
3458
1932785
994370
1583129
1198828
596474
1072072
1423668
1370190
832959
589847
1798758
1521960
859453
969879
2337014
2398295
1671330
1965634
1155404
2473345
1430398
1226073
2417957
1160224
1024189
730016
705645
2121765
2171089
2398509
2595888
1970653
904898
2548453
1089664
1079613
2463816
1007545
1763064
1865100
1897386
1584985
5530
653515
1337293
1408280
345035
206954
522710
558634
270174
764583
941624
8200
836150
1415024
488551
2554942
537732
2472537
2322250
6206
1605715
412604
1693814
1790903
1674931
1778011
1827071
442276
1215094
859826
426352
366565
1295669
998185
889674
970756
105802
2091461
2218826
133993
1964597
982331
2501912
1961675
1125733
1556617
1666213
351328
2133551
2361318
1452454
1154813
1908051
2624159
264160
237672
2214251
1752856
2356355
493009
1153777
193560
109112
1792064
1089692
965381
1387521
832536
1310748
2523435
2442925
1720424
1184071
1731106
1889371
37188
301086
2283770
1908103
568832
644453
942513
2406094
1750396
1321396
1943596
39375
1359770
811104
466121
1620733
798524
825779
2609870
912340
1014889
2462919
1775437
1844813
938931
687379
902413
1747154
147653
2321435
566016
1944765
1259696
1483852
1831550
962164
612384
2215021
642036
984085
972267
2434527
1061353
638998
690754
1247452
1383426
2296108
1431311
2590515
2375033
1549483
1017698
1834123
397923
884078
1096917
279960
1333129
795380
1182475
816504
364376
2024833
2038137
816549
292335
546802
2246923
524619
156622
1341214
1453928
1026926
169281
2589029
1424177
2263991
10897
2401693
1056238
599529
2038196
1534085
916101
679947
1852784
1664712
1053421
1848868
1278249
2308472
1926651
2160787
430648
665996
2384478
99400
1877868
459277
2485865
1564978
454329
2628763
164845
1728094
69801
2636378
1961161
1751371
1346081
896927
2119555
1288554
2377061
781131
1444489
257710
333843
446163
1649964
735636
2253953
256796
1750386
511428
2056875
496887
1862392
534237
107840
2425195
1116129
1709921
447836
1243711
2646634
1964514
1716910
1738198
2491575
1749238
874732
2111120
498716
552107
917857
684220
2311863
753480
1611417
510103
408284
2012675
763240
2358990
931316
790471
330424
1900424
1900445
424513
701615
1183174
2502462
2502336
2426964
2100684
2295922
303087
45392
2267322
1822560
2240770
948447
1397022
2595156
2634074
7576
2472066
2380603
585968
526361
203369
1179646
56854
1000192
1303244
516192
2264286
1340377
17691
1151461
1817718
169054
2222089
2461508
88188
54040
2386443
1275790
2260761
1877590
42072
625957
378857
2094599
191869
1617675
1464011
2444202
2241806
1040475
779760
1194759
2528590
917008
2293836
1281478
2280025
198655
521153
1776654
1743381
1118587
857132
756162
2523231
476743
2555614
1794738
16558
951798
2228763
2310889
1275089
2209153
49142
155620
1432474
1936617
2559537
1865846
662832
2595747
905074
1380947
2295501
438674
2249634
1719554
1097970
1436357
118341
1105158
126216
909432
2523912
1996154
1820593
828045
2392770
2295235
2445689
1721623
2176780
1890622
433651
2186820
2286785
2341871
181364
2474624
1722514
706897
1270238
711569
1278961
461070
2424839
2353276
1317871
2010849
2087711
1755092
2634182
2358148
1360042
200734
112449
1275794
1033629
1808930
903296
2341581
2420384
369036
406365
154591
666500
1492086
144577
1222167
282953
1771516
1325977
2521994
1023101
2529630
66885
448894
1466320
1290993
2059141
2149357
1617448
2634348
189814
2445266
1591103
806188
1442089
2352972
1598488
2522946
234798
471177
560599
1972929
1024768
743598
867275
286106
1203445
668855
816435
249029
464571
1669465
1772954
2610157
576751
776905
297901
570929
1814098
848872
2502112
653059
1197388
15737
754884
385287
253275
653906
47312
2361743
1893120
920065
1412898
1614424
1730699
752867
1553965
393966
1032165
1755138
5652
158086
2451907
395747
1981733
943256
280978
1731658
1565851
330526
99844
1435335
2006360
735560
173086
87360
1725009
1848593
2048985
1460800
1128816
1552874
469021
1937532
1233831
924765
1424084
961513
537389
2332058
799542
2509695
1169361
2511730
861911
41422
591288
264856
1675105
506161
1730369
2309047
1487011
2297386
1626727
271355
510438
1332107
1154874
519699
2026560
1372635
287901
446160
1916555
252054
2387734
2541939
1178938
111693
194044
2563498
1041084
1246893
2535586
553202
86246
803330
1231842
78885
776187
444229
858298
1997020
2333763
1823920
1939988
745235
2640203
416214
379499
342330
1830763
1599231
770268
167447
1500397
1755852
2361556
485334
577616
762835
750641
1685548
1195863
1516909
465497
831151
1551926
944944
1913241
1130826
565075
389391
2538608
392346
941279
1330841
704058
2376801
385781
382234
1172177
757456
931005
1156054
1136740
2057529
1078333
2640999
256057
1513550
291198
1389360
380236
1807166
2011258
1418477
245369
2557296
2442131
336847
868881
2438141
2636012
2592095
1145939
2012052
520286
2520933
1199475
768749
2204563
1010609
1020745
1065598
217619
354091
84213
1567240
1119094
1170093
145941
2252217
1788009
1669517
1145387
1744594
679429
424620
2364377
341814
2459251
80548
1181111
1716427
361070
1326195
2491366
2577467
1663216
1291667
2581672
1774409
1192830
67900
963705
752619
2091892
936928
2284110
1463939
1054783
2105883
533352
2473261
795473
918897
1675280
441324
1203892
1439015
711263
169311
1574597
2419242
2419975
275687
1789747
2455107
1512836
562156
1858243
1370506
2433978
1675619
1250006
297100
1571299
570909
311027
508584
1480841
1200479
263031
873478
1747640
1258349
322178
402377
1701632
896279
751829
131752
1204323
1712930
428831
2498427
2229377
1187457
2409280
1629301
2228502
2644945
2103314
828654
838868
1059927
2028737
2264638
1416455
2223740
2140471
812796
614465
433641
2441692
1432044
1203347
1666140
2621229
581893
2432893
1583424
387106
1555081
1189210
1008085
509496
1358681
401315
1970583
1129687
1067376
2477588
389581
617390
509213
2023416
1114801
2565719
1630194
2004175
2535238
19938
1602952
1517471
693720
1473641
200177
773251
1121663
254789
1081910
2196083
26124
2398656
2568756
1943605
1903175
324080
64996
682688
2510054
1236929
1916244
2324287
726339
772825
2471527
427967
1059101
966426
2247785
2276790
795665
2587909
1139937
2596310
1394516
2195606
285031
166980
452873
721590
2001296
423167
779635
2125035
2550095
1440126
109079
2073629
1036836
1669420
1383642
1622462
340492
1550207
2003550
1124163
2207951
1198556
1475543
1114141
1452396
1017411
319647
2001326
669340
2305978
1018465
1351373
2411531
2613898
214501
2061499
728123
2490049
1273765
39490
779144
2573624
2055178
2360721
2071210
429876
541295
14642
1725515
1422346
1212887
1109861
1117062
1069489
1363333
2029744
1929487
2413320
851702
990639
1579906
2400911
1683198
397077
1256816
1972112
504051
2065164
1367101
458190
516343
1395543
1018901
2162676
753195
2032944
1772964
1724821
1624047
2159290
1247506
2072858
20392
995154
2405421
2075584
90362
960983
2559157
1288627
1706866
2283366
378348
439729
2243515
890669
1760487
662412
50259
1755534
1808201
1990901
1142880
1690559
2613921
2090369
1648316
47344
1135948
1190685
1371031
1652623
1348610
1080173
926054
1644520
1315654
1829617
559753
608114
841955
1580673
1454142
2606685
2450534
2210272
57347
1427330
1887749
1554241
1578281
2280493
2375687
2515276
229439
8660
2568738
163893
2008854
1240130
2332377
1232740
1273979
2325040
2138757
332471
221091
2636654
1837202
197025
1013856
1315370
2376375
2396089
1702270
1266589
1010489
1774623
2151359
2103047
935060
1111556
1534723
656977
769235
2237907
2318311
1409829
2520364
165288
2356682
1319449
389017
1698802
259497
74533
473233
844207
2411453
2525160
164532
1576028
2604473
876510
33612
2412265
1658953
1716677
2549156
378732
470781
774398
218199
1368650
934835
2206659
954924
605082
1809161
2162424
2358855
2220847
489454
2295321
122057
2260008
252119
2433768
1515113
248976
2156630
896114
1617685
2043109
2338019
1216387
1645486
2287836
2179904
948457
2374631
1872933
1809784
973051
931384
301047
1995214
548581
1614939
959443
996461
2340228
2239360
165720
705603
2117885
2299436
768176
2217027
201254
345588
632347
1996893
2334757
895935
1707646
2112141
941431
1429794
530763
1437853
1497891
2002123
535671
1590697
2208519
606144
1460897
2262890
1908523
1327727
1037924
439688
1834394
557502
1954032
982661
236815
1597178
2526309
278882
2574126
230966
1648992
502758
2120970
504503
1762633
1312530
2568908
2394802
674065
690313
1769330
478932
2316963
2373453
2419406
1416190
277223
2482738
2595310
829075
1276983
1714874
1570161
1880844
634569
2052789
331341
1993420
121324
2207806
1717184
671338
563585
271128
1682851
139006
1961980
505375
1551980
2593317
1742122
123384
2424587
189443
306564
1269877
1193872
2573701
1223664
2180413
311875
1600960
1102418
1191617
1240865
2426395
2385925
1483251
581199
215948
2269029
1115828
712653
1064540
190474
1219733
872215
473748
422485
1442154
1171469
651142
2610420
2072811
1365170
391708
2125852
1874239
1581139
519761
1630419
520374
543824
1239467
2244258
1540779
1799090
578869
2100834
2370740
785931
709542
1122969
1423566
1940143
550777
2227804
1553047
1055714
2207914
844526
1774452
2098006
1810074
882322
253434
2577882
2387961
1045053
1995942
2432917
235691
898713
2551686
2267735
451011
234275
1532220
1447641
1607300
164016
2585513
959020
1815614
538214
920724
2515047
705714
1937280
1133199
2330519
34669
2156368
1073729
521315
1510380
2407994
2607433
2070937
1263008
1023470
502274
1486688
587610
2321519
2122285
735078
2503583
1995910
2379200
1892097
1498236
1262403
36478
1928290
1347991
280120
1905498
1545940
291620
2550711
780253
2181739
95146
1085738
1659647
2186235
1068656
466763
2046124
1381552
2178729
1026860
1438031
686362
2176056
851463
426362
1144870
783585
2206151
1457728
2643193
1087551
2532100
300074
1497845
2107249
1408249
2297654
1551591
1771108
621003
875926
637475
978881
1928445
1965893
688057
2245579
2134425
1108304
1388741
1677588
1347528
2283319
960137
2162539
2195910
1717675
1663295
2036365
755163
716761
1474480
2162641
760837
320939
1934293
43729
814408
440852
1927110
139297
1072466
1292165
480033
1229372
1093403
308307
15420
923084
1729518
1967891
581989
2330786
2068909
2238663
1701322
2507459
139107
1339784
1296163
1358962
1814991
1150035
2247982
115097
2316429
582829
728171
2182722
1267586
2248543
2201507
2481491
716649
191666
899799
1429631
134640
813424
650227
2542967
2315626
1880925
1156244
1570292
388643
458177
2408145
1813272
93124
286783
2389101
382138
356103
1119705
408765
2296193
1243789
2465337
564403
1133611
438189
164647
1394988
2569369
1891149
466151
1144771
1847522
2315073
2556552
1090765
1248029
1233457
2487809
1693122
1442105
97608
533713
1517010
190136
1407936
219174
2386920
622453
1176779
2186505
1071266
1293986
1490775
606105
632448
853893
1955706
2322383
1942005
1993625
1484284
867800
2456635
1620735
2422606
1579371
550365
1580032
2040676
504624
1431808
1760730
1366054
649017
629120
694620
2425137
2581488
146587
320226
2205104
531630
1935323
1261789
1118120
1300029
1362091
2492154
1222252
450111
360412
669659
1485835
1129340
1351594
2590072
936396
1204865
1176763
2056324
1803243
1199611
2115962
2026477
1126516
1891779
310187
398194
663654
1024066
158197
270890
1076140
949240
2234845
1110906
269850
2163939
182134
2234943
116563
706198
1410753
46036
2438621
2392051
1795018
480115
1791124
2144951
2186938
589571
388609
1717534
150663
392077
168190
912999
2396197
2442597
1473666
1855317
2374451
2301393
1896561
477387
954111
1980663
1895929
387262
566628
1606779
1250515
1760544
1932113
1157892
2110341
223423
2597335
2502736
2387672
868990
1561964
1898907
1430656
1494275
2366524
1275703
105982
2504147
1993568
2090792
1144950
891923
1603364
1508115
910059
1431160
914728
1653320
549094
2562900
1668072
1756796
2143870
2551764
1800955
2560469
2085211
336595
235782
2269100
2095910
1978543
486152
1698900
1483639
790183
2167041
2438440
1766397
2464431
2390609
940264
1361167
220512
96133
940778
1490642
542006
720436
84208
1611857
475253
2425260
2545618
1679741
2097995
840737
1190964
2105294
1818241
1469447
1843168
2345215
384188
1788180
927849
1567322
1421023
2179550
1501018
2434632
1449810
1214125
1187757
1687095
112320
761379
1505182
1562707
2349571
1208622
2510551
2516525
2409398
1914553
1521774
385102
2536028
2242513
2562859
1489566
128611
2122850
398661
2241897
1255543
2235166
1146632
273814
1531344
1203991
1427380
2474804
770339
359063
548695
1258770
2787
1444177
1882992
1770828
1125803
1074677
1894043
2173152
853918
1416034
2341658
367727
1456621
2633797
1992636
334185
2291750
371300
1567783
499293
554192
1361614
2026928
1351706
1320587
227295
2648589
1719780
2148197
1905883
1321481
2122377
381625
1660783
202114
845921
2053907
2030708
1386737
445423
2413875
434101
1620566
1870555
1731009
2580792
2612104
310101
2614527
1460343
1117314
675407
2432862
303643
1915206
2250552
240447
124810
862850
1548770
100495
1295473
973443
1044851
1202962
1968862
1399783
2093590
1121725
1508638
1703544
1132912
732682
2268019
769887
326121
1444057
67769
1523671
339547
353820
560960
1635708
110260
1616135
942568
2048294
234606
1681124
271453
2499019
1725635
2129174
1486851
1888060
62346
556776
814740
2636781
2547219
794765
2575399
2407866
227076
328651
1149582
1306528
2290508
715339
1271040
574055
1029833
2588107
2130244
865027
2539101
2081709
507519
2082635
1873315
1573486
2557710
2137371
1288244
518309
2327386
789548
2135939
851848
2490423
1111943
1777474
709905
843387
1232404
2138746
2380329
1539697
493587
1838480
607621
2274199
2543978
18907
170487
270702
2294110
178588
2172710
810392
246686
2178203
2320706
1322233
837258
919486
2552047
2440182
2449919
2567935
459772
2420828
1342357
973870
1561857
1026298
2490507
326804
1692249
1553270
1175001
787052
827526
1008517
2216150
643372
2084213
410446
732590
2055388
1466453
1807245
1126751
1740380
2489545
104462
1416948
718938
2065106
2242958
1820564
1114339
759289
1418126
121699
2115174
2278535
2474887
260616
1262684
492478
75818
1250231
2217988
915168
2315404
726823
1262628
2329565
2060858
1409759
3595
722298
1035650
852193
1934347
995497
2317703
960950
2460025
941600
1148103
1239496
2550101
682093
1411831
1586221
905922
2509644
1207104
954973
136030
1670302
2195326
267841
958956
2356622
2076358
2413457
398488
2567147
1118819
445900
1692069
1863899
955706
682560
1087451
408636
914940
1365299
2557152
2013504
684108
2482384
937905
1097099
393278
2496874
95194
587590
137309
1860025
1147251
2456613
225972
1577811
1472772
1318951
178645
2432340
1478875
646765
1644680
1151483
736013
68979
2604442
2426539
496631
1799734
636273
2494707
44434
1646777
492058
2204961
2085981
675390
1256120
1478291
1463219
1905069
2253160
1892684
1450860
442813
1769638
2412596
1662724
357087
400076
754104
982689
2625306
1399457
894232
1043768
2438169
1026162
2097277
396153
2582726
1331954
283468
209736
1882227
2035438
1354129
196113
1945567
2401493
2637187
116761
1242211
2492108
693771
2252455
2017438
2372364
2140883
1029864
2221430
1704130
2632868
2156074
2549746
673040
713326
1187252
1288835
1954817
2512427
182445
1857639
2648885
819867
2487958
1900750
119790
2447861
500249
1491101
229472
2431452
516736
786415
1885459
282390
2112383
1320402
2492268
957716
1104107
733746
943538
2440605
1581500
1672386
116858
1135143
1862352
1904865
2239241
1472689
1892942
298221
427485
1217751
375770
524390
1401233
612641
1860298
1389725
1645514
240869
291503
1392598
2296610
428653
2329196
2118155
239178
125713
294330
2393632
1311888
436436
505317
1882180
1156403
1909216
1282557
2593402
2506564
1203925
1885932
2192288
2513690
1757577
2331843
168892
1601857
1119488
2041319
234639
768724
495388
2049319
1040397
1560283
1400056
963962
856563
1168143
561636
1391586
1675643
2006505
915898
2976
1203374
1892170
2100210
79257
643058
834131
437371
1452675
1240334
429565
1749706
1602407
1909214
704117
1228066
828672
471064
786127
1064554
2641559
1240794
1184378
2421283
2129120
1326360
952381
630153
541796
1793530
1051993
2624910
1500017
373898
2229308
2624124
2169359
721369
639257
1860339
887963
1279012
1865329
284823
688217
697038
2098138
1789382
558924
1937187
1038488
799442
2520834
763551
397898
723135
551489
2313362
1316922
2325440
825002
671319
1713604
1848170
2281485
1800320
2619718
2507129
2138831
854849
862852
1701487
1527713
997772
1555813
114130
345238
1965252
672919
1921815
111824
2189638
1673965
940806
350266
2020252
242425
63493
1174162
932047
1748612
1785367
2059635
1879369
734508
2345454
1233312
1998128
1278832
100943
512278
1911219
1486636
197482
1425723
408200
8212
897867
877320
2219187
206564
664809
2386868
2374726
1243196
91979
2252432
1688256
73989
1068435
2307508
752670
479898
2630854
308716
2239209
346506
505713
2264371
364238
956271
2227455
1421498
1146551
2522148
133060
1925832
987078
1606561
2145961
1050232
1593551
2243703
1565082
324115
2050590
2449001
878889
1389990
554171
2009638
394194
2229666
1618291
1401895
495271
1104415
1696241
460446
2320264
2223273
1575939
872924
1264009
1204294
296232
1514667
1403686
2500166
2345385
2273034
2135415
1739691
2131287
2506724
1999791
1490320
1060623
2233998
1822241
2250843
651376
766670
2537502
900455
2297199
337915
564647
1184388
724224
1987400
341468
680132
1332983
933082
653174
1270980
2179833
1084137
1422484
27434
343719
1074020
404437
326587
408193
1239121
1691081
2120968
2096352
981800
585412
273541
1558352
465238
531125
2640656
2569684
1684516
1317124
1695600
1457006
1468972
2142754
245371
1686134
2627567
474691
328364
2483121
1173267
579707
744631
2572962
806891
582092
1054626
167227
734355
2219553
2266421
498214
1830031
379787
2534701
1048939
1682531
1135038
1928860
480612
208113
1441540
2133752
324326
2156165
2518678
2363228
48915
1449229
2461835
2364551
1804819
1174079
1202193
2219709
393928
2061394
113369
181941
1233877
102442
325552
1148143
563264
406160
1520052
1734505
1831664
1977128
2311304
669635
1915183
590003
1918316
81074
1324068
2480144
378591
2018010
1929765
699988
2422525
1055424
2085110
976534
1939763
1374884
204504
322878
700049
1231605
316931
2331421
2313013
1954061
1981741
2643695
2088813
860647
2275545
92394
925611
1227603
1753963
1624075
2463441
261107
2626675
1367906
1976839
56225
2082864
363169
922459
1365319
2255117
651129
1353566
227463
1372201
647216
2285176
114551
2124555
999504
2080562
354269
50669
1434786
918157
464504
2231861
1604357
2252435
2346150
2062552
314418
1840149
762165
2398368
2166735
1168424
1661469
1029561
1332388
2181518
2605003
2123401
1206380
337743
816213
1316286
530740
135625
1587792
874293
28338
1010516
1851082
1539389
375341
1665685
155850
145873
1428560
1373445
924352
1689683
2463846
2057826
961310
203576
2264244
813521
312695
746150
2455068
38464
376277
2188443
2432162
990918
1775740
1950890
1709384
1988492
272299
2401635
1455234
802876
1250320
2340119
258046
1534444
1842150
784208
1557927
2018877
1445236
2610660
667145
106873
433593
983097
2265877
1242406
1492122
1279798
1637067
377907
1999275
1842197
1483098
1079115
1532735
1191566
2150689
2319265
1221473
1391523
691272
2126081
786982
621244
1866818
1951053
1027819
784305
2151488
2024800
1802392
134182
651849
2379864
2438293
22718
555886
1880009
2145288
2597040
1983441
1045221
1926320
2622904
1053115
799672
1855590
2480084
1835080
1495055
46263
1836545
1075444
304879
10901
2495347
361189
1093688
1753560
2395020
113262
1846965
1675624
2581970
1169732
1093740
2207643
940066
1255812
305701
567025
311641
2392201
2474839
1352530
816639
1495252
763779
1399571
1136724
667911
282447
1206353
2621846
1508328
2285616
369756
1391246
660871
1713267
1991674
612823
923450
329751
1392742
1466743
1119442
221882
2378317
2082428
1400085
2332009
1242071
2350141
221694
1441961
870391
768483
1536111
980993
578076
2562487
2289469
148719
2179596
887523
2051681
1781160
1279851
42064
2132254
459615
1538396
715516
1085488
2082270
2479857
694871
1242806
1840194
1927048
2487298
2403480
406090
1804811
63971
1093500
2217779
657195
425238
322064
2190625
2112235
1095461
43816
636724
2541531
1538953
2621862
135215
335348
262862
83926
896339
1144968
1519722
550905
339616
878073
2199237
519891
2239227
2491569
1470710
2542635
2608047
1395849
1644686
936290
857273
35824
293284
1054182
2065684
1343332
239285
1371422
273251
1226957
573077
228614
1313694
1891748
1456376
2524668
1580917
1083968
1866164
1742805
2034428
745542
702106
2466231
606809
289278
2133849
2028581
211008
1153186
937245
346937
823520
1513680
208724
1167477
2466146
738747
1884737
905479
1192313
2298323
833276
1899578
845653
2504241
738437
2254385
2472771
1187749
1115274
2520941
2352463
1095497
1362065
2553792
984474
33758
894921
277541
2318245
2160085
469045
1285593
717555
1433573
1917946
1531467
2273448
1478134
2254502
2349595
1297031
677371
1636145
2286536
2412566
495542
308031
2473986
712568
447930
1253689
642090
314057
771641
752696
2554058
990533
441401
2502329
220259
212846
167848
1702389
217762
1811676
615066
2134111
1713226
2151938
1178330
1258916
421433
16565
374858
1237971
1597861
2001318
616173
2152930
221936
2048191
1546749
960023
206243
2296816
327860
370641
1453265
1996307
1277996
156821
393226
1910719
704223
223160
705166
144836
556458
1280268
1278941
1459971
1599873
489702
2624234
1654496
168729
598256
1488400
2240828
1882485
686173
116160
2041697
1648347
627935
1295700
1990362
2082452
856918
2511644
1763740
389506
1282169
1301243
418653
301466
263213
546017
371492
1485312
2480001
2195565
2022945
1842369
124237
521825
1772538
381518
2557067
1685449
1155797
1726869
1587311
2423318
867068
2628863
1183642
2015780
964730
592734
2303680
2278527
1230845
146194
1391510
2171656
525597
1420709
772534
1163442
615750
959509
1868345
371806
1378848
2560328
1936750
1379923
629227
1358685
1054416
1634780
815418
729527
2400569
2530840
2344229
1635449
2055615
2021814
1225150
2519096
1654854
1255348
801128
1410175
751091
1964735
985009
440723
1777917
85960
2376892
918735
1512037
1126041
516686
2508958
163205
773325
219033
290466
1754362
609236
1398397
303270
2120884
1860587
2506048
1446054
613438
2637948
1552015
22670
314043
1309043
1544409
122188
18856
716096
2111332
2121810
1677862
440555
1020214
1523169
414604
2070952
1642330
2352563
758932
2554860
331432
1173459
79224
789517
351559
235562
22842
1288346
315751
141370
1414159
1819642
1783491
423969
927953
1138359
2532654
1819300
352167
6544
1414878
1562632
2044724
1481142
385268
2059197
10954
897925
1218115
392731
1922155
431116
2546946
86379
853087
2355630
1392168
583875
680004
922539
519744
1491358
1500112
124504
371349
1685049
1279037
1829014
1688176
2004274
1027280
2496250
1041295
2314733
1811201
337431
147078
1165740
2134424
2273951
660821
1364103
1096430
2034970
362622
143938
213427
1872329
1106518
1921845
1188248
754953
1881843
599480
425978
1756480
2608886
1387766
786695
676989
72541
1674407
2429396
2155331
1000301
805379
1189397
899796
191902
823557
462128
448155
1470255
1399335
617603
1084694
1740238
2292354
30878
1157850
814304
2466211
1630669
2201882
1998723
1784723
1258876
1151120
1586613
2526370
1854220
1726499
922345
1159968
1806446
2506950
979363
2340639
259348
1096051
248435
2101803
1477732
2284783
2061245
844391
2234889
256562
1070547
965050
1699240
978104
2160087
838679
563447
1852037
1298036
2040484
1652711
1421402
2348692
2019921
89994
842431
1843626
1679839
340702
734541
2641824
1611173
1153365
1938727
1932397
1178284
1495747
1351821
1116031
2611773
1580014
853459
481668
1169855
2463585
853170
436806
2589198
765938
1776625
270692
2452367
2027278
64120
493842
124806
376576
432130
516721
444801
127903
1339269
1688316
61765
2560910
2635011
2397914
984936
1704248
2484834
734544
2582552
410857
1736217
821883
2645828
2588966
798104
1862805
1631281
7599
1947662
503051
538005
486822
598757
151625
573928
220183
753836
468837
841620
863644
458962
2508234
1876156
1047368
409327
1351769
1567867
1992341
336578
1903337
46140
2582384
2270392
1390057
2578732
1779014
1125516
1295603
1070629
1933592
1823851
2634386
2241247
1515048
1602973
528190
1369550
328779
2408493
237405
450465
136381
1290148
322874
1431911
1437304
160449
698438
2573288
1353855
1892183
1097721
1695976
1715766
60706
428465
42416
315894
1273651
1212585
1348088
1102887
50075
822140
680334
1319012
1094132
1657258
1426220
2119629
1738133
1363756
1059536
2238785
2607183
1258191
2069524
807551
890183
1258560
1602649
593225
1252110
1604329
2527376
1649775
1203467
2387526
1830420
470369
1214824
298900
346189
125275
1419253
2436557
1109553
582405
2141037
1430587
1800301
1721636
765331
2596404
306311
2601112
918708
1938964
846859
1181056
2518972
458766
1302590
657985
713108
109285
1666957
1085320
2415382
16786
269827
1971298
323253
401206
957447
386915
467910
1907859
2507646
2508883
52029
2139353
995437
169980
1436917
1118643
2156560
866531
1765896
2601604
1078630
2509609
1744656
835473
1522119
1016510
2509631
1549954
135973
631874
1475790
1493965
2614953
1014165
1278864
1094019
156183
448086
133462
317429
1679359
1750007
1234567
974878
1329474
868406
2130756
564016
2047141
2058194
1350497
2111039
267880
1462866
1229969
2492984
129845
1693179
2389750
547118
511112
2180255
1917585
1692007
1685077
1361124
2011405
1490567
2494075
324475
944189
1578405
971052
217747
857975
2535787
2051329
908662
30245
1071141
138649
1979497
1569585
2256708
2162665
2497731
498686
80176
1269998
712297
2498386
2283320
458143
936183
1983863
2388935
2171824
791291
1242697
331278
839182
928636
2436744
88959
163951
446469
1576491
1352422
2316081
288343
2135285
648906
2239067
500428
2219361
239569
2597077
1662695
1962325
669274
2576648
1481825
1866789
1583564
1351211
477466
2282499
2045508
1928776
1460499
2442531
1711016
573364
508968
391799
158785
1459851
1696775
1437519
773040
904842
1952492
2567237
990036
2106009
481813
351002
1366497
1425274
694422
2101842
1577401
2070875
115055
2030201
47589
1181649
688590
246200
333323
1018210
955178
1612701
2331938
2067849
112987
17227
2086784
2453089
1756840
1043805
1059382
648173
1120781
2556923
2064672
2250951
1044034
738379
1225936
754443
826193
2532783
1725155
630691
1790831
1176683
2415052
1227773
710621
1700131
2102700
512995
2616210
754082
927786
1829685
1801709
599880
1949018
423952
328844
874451
1810656
966375
1372729
2288845
1484938
1574646
1276353
1791019
2080674
453043
705906
1701654
637473
2638015
661089
2139885
1625075
99939
2561861
1489666
2406602
1400327
2182398
678911
152134
2380810
2018908
1895930
1710762
2542255
1756407
906596
439978
1591210
631075
2365226
1974267
47075
2461079
2209212
1713284
2121758
180858
2203834
2152492
2002490
1549104
764945
791692
200645
1629989
2577597
2636046
1326341
1705743
601778
1715533
1807578
2397374
1414980
1848945
2227880
1098765
522278
1425875
1221336
563186
1282507
2633375
2488790
1353938
2450621
2048038
1646405
1787619
2591100
593886
2419640
1265764
2290616
1884565
1120026
852166
1314890
1163477
1257537
2150322
2405303
2260023
1946021
1139925
699783
721577
1788305
1204833
675410
2581018
494514
664443
821315
563339
508609
975522
2476026
1221897
745651
825637
2534215
78922
78573
2030564
947574
208579
445501
2597191
2459804
1028541
2291746
1807097
967190
2214880
1686401
1924354
1995445
2569320
37362
183227
2433847
1771242
1867761
838669
1953066
447707
1469603
2416829
1730558
461371
951578
1405644
867886
1040587
940917
335938
1041187
1160597
1024854
1705359
947651
202039
2319377
281396
490992
682561
117386
1107858
2615317
1750544
389985
699566
2589856
2220742
379701
2152576
2502988
635196
426070
1877128
1835357
1702561
1595644
1895403
2213550
596964
445409
648729
579190
1062416
497900
2433649
2648869
2130443
1664726
1373027
929208
1128178
124728
1246772
706349
9321
1241521
1799009
2074594
1232194
283559
672349
1122106
348244
396029
2034654
905156
1547701
864061
1832780
1213065
1473192
189387
950733
2386069
610997
2592269
1806407
462857
1674777
2012412
2512391
2457781
135997
1790576
956401
1372554
1457139
2131794
1319737
778937
575767
1576102
42630
1523919
896636
1092131
2385389
85550
1631433
696970
578237
354344
1846827
1667347
3363
2024102
2490379
1374572
562026
1138840
1312732
335178
2295156
2618515
1684977
508852
475631
1448787
2552178
1697865
1817781
2423718
2013958
974573
764040
2560750
1091776
1641091
2090313
1055451
108360
1179235
1521233
1589401
831790
814013
424387
1103969
669122
714725
1447381
2583029
2580969
1899399
661407
118224
609895
2531303
2104443
2088599
2047318
2305404
671440
776939
2147223
137987
1146038
1377190
2289265
894805
2241291
1018296
888326
917160
1162007
837071
594870
801512
1922797
1887046
1029224
707367
2363390
2036971
1273549
1737176
2616306
538775
2285967
748777
984439
1109711
128863
2449788
639873
278056
2063104
199023
1103178
984874
1882748
674346
2439534
2340654
404652
2233803
1361282
2458087
766895
2395304
2200358
2114260
539249
1505330
2370089
1648342
78222
1865721
1851951
847780
441442
633235
2265021
2300261
2592716
2464456
1172232
1409469
2343385
500325
196846
2276649
948541
344549
1367949
660061
1575181
945089
1585108
1364307
1317589
2220099
1640519
2456542
2227924
1930717
335572
926462
861532
2139777
986502
2629765
738657
1753633
1620184
757767
42275
2264352
2210857
1758525
2304943
386156
640174
210117
1853510
2145206
1576227
618551
1379440
679222
468584
1044120
1954578
1501869
1461717
1950710
1535968
2187083
2038701
668693
1950809
671896
294118
2597934
295983
1988310
629794
313391
2575175
1691277
55018
1651874
153102
224944
901325
1336786
1443495
2174801
1479499
2222815
2365141
554929
1691661
1717532
767590
285330
535886
1792238
323614
1564651
2057248
1734105
1262307
1151752
1190512
1698718
1112779
2358564
2458072
1126697
971361
272845
2044991
1641753
2341304
1587148
1042795
2567000
1692674
1637403
1210935
2053953
1385044
344861
2614156
122503
827096
2097445
1718042
1484561
1492520
877585
1434637
606271
1654617
987785
898511
1403658
2057375
714635
925414
956846
2573464
954289
1638551
2519397
1667283
900992
978567
1562255
2536066
1270408
1706987
2258315
2029705
29000
865622
1574599
2316556
1889712
125493
36217
1368548
753901
936760
952636
1646964
38284
2054870
654283
1573566
2278186
922591
1681133
1419139
381512
1931966
2208977
1356923
2310390
47269
1927136
1104620
1352800
966983
1775922
2639115
1473095
1637138
2240905
523779
648874
1621533
1207465
13586
1279283
1819879
2047045
989704
1389451
1167144
262880
2636398
1525381
1115567
117567
1273985
1750812
1310542
2485566
62753
15402
1099977
709342
1673934
1837470
388472
2054421
2066039
1158787
1993440
898629
2097766
1547886
782308
352684
183880
2300816
1119267
1145000
2472440
526149
1330147
2575940
2224734
311622
2068022
1022711
1470890
2038357
1443236
2129592
2079664
1389855
2170295
2538550
2353376
926921
1388257
1440251
1076511
924656
62691
394784
1137886
2596548
1814661
625012
813213
2158880
815635
1060407
1057251
1415865
595284
859734
2291972
1144740
368786
1955076
1216109
1628880
824828
597873
288956
1928698
61928
1859843
1648869
1500479
1380707
408998
719170
2124138
969461
442739
1690697
4421
1147738
1950559
1001477
1554139
1659472
1568024
1508279
2116966
2253226
1417279
937001
2123994
918206
356157
993544
295393
1860246
214191
175740
2049560
972651
2324813
1043117
2079983
647792
266289
2053064
437978
1489031
1253309
1178902
2221416
1706831
1395688
1893292
1194594
1997656
2524846
718012
1539341
2494857
17462
2312452
1165873
1297706
969304
1825866
1812275
2224112
860599
459060
2202057
1773695
2627366
405572
695907
970306
1131695
174972
2432474
1080361
824465
334004
2443471
878148
1812382
38946
124598
2139762
1126218
2068497
1315963
1330226
623496
785608
2227850
2479307
664683
2048785
26674
732122
1292658
1462211
299370
431732
2158545
669086
926579
387819
1434685
2242468
928463
1617647
1746477
2582971
2061246
2591003
2142281
1942793
1394198
1950604
773432
869468
363195
415005
39526
1136132
701678
2534306
1804362
755820
186445
119029
2441155
1142278
364517
1152644
1661271
582631
1642316
1528122
1032488
2095101
1703680
269962
263600
2143797
2022292
897304
84454
970561
1649034
233761
1788794
176377
1933832
1976216
809955
1150912
1825515
1226877
1571713
14682
2096652
1331862
1695436
1084108
1299368
136867
1761809
1824028
2270963
506155
1713608
1454357
1553024
22709
1374905
2417245
1252521
2539534
431646
2517394
1210065
554063
1475970
1691501
1338171
640425
2303856
1809696
472021
2221050
439926
630175
1608960
512966
1254683
1682916
50465
1899031
1915501
1239654
211086
747810
2263064
108871
1624667
1756244
2384779
1545791
222993
1827937
101408
101620
2191370
1160024
347301
1694142
676718
1491763
1791615
1865396
2629184
632028
2202279
2135038
2585154
30873
875719
123823
2588222
2156708
2340706
1661216
1467035
1828966
2084049
1655692
1766660
2245510
2274990
1035378
1600392
2577726
1191122
2002198
1372226
159328
1361441
70950
2508315
1979447
63786
2551483
1322178
2086515
1761905
1993633
462231
1617329
2064033
2491110
1323717
1476635
879221
678157
2090242
327366
492513
879196
2535601
2631605
1180066
946972
1835306
2069944
1926272
2344483
1830096
2630797
2242413
1501761
1623349
424947
2561723
416443
1494196
1795822
2606334
946102
1780005
2397185
115507
2196366
2491918
1152362
113549
1883703
1000851
2062763
1773226
401624
1364878
911514
892472
1910767
2276962
685113
1432681
2342718
834752
2510262
152244
2521079
1127410
791026
1600259
2338545
1083688
758634
772337
1658806
586792
1878120
2268800
2227629
1648646
1636268
879131
1218225
1866094
363680
1960710
560944
1409728
2613654
1374758
34408
2283856
1344394
2269323
1860956
2569071
642898
912285
713559
1623353
2198115
1595693
291728
1703742
458475
31835
694692
27753
1385011
911304
2175611
1928961
1834097
2226005
956739
1535722
45656
1209557
650960
774061
1889106
1725588
1932325
329534
1926431
2554933
2512814
2521856
1625448
613805
1680398
1501056
1208059
19106
398239
1474260
2455878
768810
1648640
2012686
1525786
33711
2386179
901801
1273429
1497344
2348786
2133545
1805932
2486520
2464928
1417435
752702
1172719
616093
125392
1154287
266493
1581512
841229
2042159
2102768
2368618
551459
1682277
762369
98044
782528
556100
2525813
483077
2015946
1007057
530118
319368
1455336
291396
1214543
339645
883684
2542130
2085421
776127
1248467
1295097
1658098
2032601
1738046
2129787
1836980
139852
2548738
1262971
395606
2363387
746375
405075
1840783
2334642
395098
127581
598877
1091721
1538119
1173994
1127876
385136
477168
1470272
2245965
519520
521562
646676
2160022
2504544
519545
560086
417641
1627613
1132093
1768341
915726
1208894
1270431
1949178
2609784
1349907
73834
892513
1409989
114873
61810
201341
1480235
23354
593173
2502315
1645455
1370255
933642
84721
415540
236699
1593194
2200487
2055810
1018928
294826
56790
761585
912661
18830
1575876
1187063
2031909
508534
156401
1825087
458017
798402
2069473
2153952
2556131
2249750
991497
2529418
135594
2261465
144556
110521
1646383
592132
2280393
1262713
1049259
723631
412211
1631999
2646766
650517
945621
332466
379952
1421091
186806
1062070
1732388
810370
919719
762999
2198129
1865216
1311346
2056909
778243
2490151
1355138
807988
1618998
1115632
1262782
1610230
2089577
1348118
701176
1117356
2419814
2006914
367933
1567828
2238894
1642319
2241241
2648502
837993
487031
1595299
333844
1365379
3694
402389
1229067
1511901
2198443
1117550
1056078
2195240
13197
796122
2133903
597192
264305
1662735
1415903
2200718
477782
2305082
707683
489871
2098046
2599761
1436486
775794
1293508
1457892
756226
725734
1933656
688751
2570844
330221
1557449
2008298
1448246
2033811
1731543
589079
163515
1210427
1347033
2167895
1266206
833271
2243988
1456657
1778317
1955464
2622948
1867384
76444
1772050
301726
2531920
199780
26210
1235769
958604
470744
532948
2183302
2505593
251043
591064
1294445
748702
25825
936891
282902
2145781
537600
1376939
957170
1844915
1808648
951329
1746949
972399
2586598
1973332
2011398
2275574
655837
1775187
1487119
1721134
919245
2310461
2452476
471023
144099
1484825
1164175
2385239
1323507
1718002
684056
326006
2536012
247999
2386274
2117562
2120543
1765047
2209849
522740
993775
1289511
475881
496831
574843
991385
280621
352258
1933255
2491745
2516189
455962
2219070
1467076
2127755
415098
1331196
2089287
1384935
1137642
270495
1759688
1870288
540803
235466
2260739
279504
1590926
276860
1212397
1224064
1033971
2198341
2187764
1091467
1121106
756987
341330
2536922
1756533
2619337
1818447
910979
2041533
538855
423522
1794216
2264726
1630882
578455
16581
1390768
585121
644339
558720
454635
979820
683604
733225
1017144
1636243
2374004
2478523
2174688
1527706
973784
1234392
256065
971176
2312280
1836124
1331144
1385728
761787
1838852
1945863
913920
2135692
1578807
1120476
483018
274652
1710237
2511987
971138
2211440
364064
460980
1203614
339962
1012590
1064977
1943866
2450525
1432772
1385988
1525586
1640555
22663
1935445
2038778
1924377
2289283
1104959
1245018
608694
2319026
2577898
2308912
2481068
2123534
156848
268739
622742
517392
701514
1392356
577103
1742931
2444953
493190
1617721
1824761
1037713
1100816
2066475
681961
1390458
237585
782551
531117
1391691
1869491
888801
2035003
1589834
552739
2612172
2454662
2054186
2086901
193838
297682
2143489
2184504
2294397
716831
2097608
749662
2636145
1036908
1621666
1788023
2104114
2633985
475437
1857979
936393
159266
1979633
2217808
1036641
690615
1078549
512633
431066
1824459
1389812
2614179
239551
1538659
271988
551743
2130003
2223033
650828
722033
1462172
1634324
873447
2518715
735278
644429
1539849
964244
1223949
2606835
1590157
1996328
846786
1418739
1269656
202572
90821
2342120
2441830
378784
1594618
2248698
1890837
201633
255879
1711294
1444028
2491063
426301
153237
747960
1972488
831475
727175
68845
2075696
2279048
1638252
2412160
2454575
2096648
2514291
1426662
2135073
773045
618011
343139
1518964
654304
1150238
567822
718303
1666483
2083947
287897
1940324
1841692
1515495
1551945
2585665
1711505
2534690
882359
356536
953170
1898804
424470
1775114
1825371
151330
1389180
1170779
1218586
853965
1023052
2602396
734269
2282845
99614
66540
507383
1966750
1887120
262633
1192459
2267431
1031767
1626928
325376
2588432
1286347
2613973
2193323
2427965
2447368
2120767
1891693
334051
2258880
104721
2423473
2260472
2346006
1141848
276968
846426
59270
1257939
1978173
1796532
809329
42128
1550627
1754009
499837
2384355
1494268
1378126
609231
295520
2479842
2424328
1364974
544925
1068821
907650
100400
2634195
1424172
762998
1293788
101842
1252307
314635
690837
441949
1739532
634280
2095882
927129
1947378
1242266
1293451
1546186
744698
1762897
2487973
870288
2584374
2212071
1018303
394803
134743
2340465
1554601
2060260
1526115
1493361
2581695
806798
1976745
566587
524218
1668615
1961777
758353
1892264
5618
2597530
1542628
1148740
1941368
1687961
884640
2183370
1954340
2576537
1791461
1150125
1089070
596250
1766693
1114552
2506660
2130888
1327885
927462
638004
487796
2501391
1195633
1764962
1802972
2102685
1652478
799300
1187676
1928583
167410
69368
1122711
2447051
268592
808873
1089687
2152838
1920218
1257921
149359
510535
2426167
1260001
2293722
332086
739313
1363670
553078
933206
1977244
1101438
1694423
664509
2267514
1257291
982829
245808
1927420
1532775
1657342
1769608
1138870
1123870
815953
1190094
485083
1075030
2342016
1204018
390371
2368644
1811217
623645
1731449
184162
1316775
622830
2506955
721771
423681
2532407
2484060
2637879
16074
945666
479636
1602278
2290711
1376339
1968107
788067
1962300
2275159
45234
2417983
1574266
1280428
1121060
202381
1711278
1851629
118416
1831058
1004390
366809
960208
1919203
649770
1886077
1341505
1514999
2360747
2076079
1931453
1058508
419598
2642403
890444
625300
201303
1345929
1182857
124829
826409
1407028
1306287
838950
602861
1141718
1338823
107435
646392
637631
353477
508652
898239
299218
281216
1084524
2196426
1603214
1294583
272854
1809912
932949
1323821
1707271
742086
2041150
2638601
2641206
575399
841869
2256870
1090911
1003093
2522681
803932
1553054
2183347
2627893
2539096
221776
2363863
102721
2064432
905467
982059
514774
1960214
380992
2404088
1042614
1730974
2540945
2643435
2447769
2371665
232286
2468325
1803438
2080006
2302374
451151
1279398
881457
968906
886442
211704
39147
1141105
2155333
765766
922511
1789450
1882384
2014531
1242653
1586924
540807
1661583
731133
2074629
940706
2297698
2068698
1477783
1618381
698147
363845
2265316
1108339
1934860
1366162
559886
200551
2032861
2027196
1960129
1670664
2517833
384255
2455393
2258984
1725451
2120652
87134
2171679
551388
2414992
2035994
2004870
1367834
475278
1137666
45243
954353
1905513
157357
1082476
27870
1108856
2521619
2559843
1290669
2357567
2338320
657521
1856085
291443
440606
1621754
1991038
1940764
1507291
962631
1221349
991359
2270611
2268553
935453
855860
611616
800983
1576991
990789
2615549
466669
851222
955719
2023030
2396898
794805
1201884
1627382
1140255
274650
676812
2599863
1381392
246880
2315006
1818524
755939
2319023
1780200
1921466
2158839
1818981
759902
2216721
271921
1003753
1271456
138833
1910620
1918910
1345636
146044
1751103
407367
1229707
934230
645522
926173
1209880
2135410
2571860
2490948
1566168
554383
1528326
1720844
904803
1429041
1651763
2076954
850067
2065448
1373866
1262327
2352698
627312
1091336
1753870
2252978
1801490
2040501
424851
1888846
1144710
1286550
392859
1189371
2413272
2285713
1720731
1959929
361327
1273680
1401561
292269
2000004
2164117
2564688
1932832
2352586
2517361
2495108
1606520
1949876
2285688
1054695
1321145
48282
1223427
887273
329653
1987360
2080195
1837730
1995067
1909349
1316754
867967
1060393
2390353
2058978
1704892
2552767
2010144
1938835
1389968
2592025
2644264
1054341
1526205
843523
1376322
2598035
1149601
588280
376153
607775
1539813
1149569
1944206
437485
546578
2014280
1745463
168263
2516717
771467
2363249
1523109
610335
767904
845192
437672
803468
916727
980987
2075711
2471102
1585829
1233627
367344
2202373
56371
2372128
1023176
294406
949667
1376671
102383
805082
1219679
1213114
484407
2428259
1085469
1304853
1696725
587812
1549725
1692897
335635
322451
1037313
573802
428170
1659198
2196599
454171
450285
1157288
41724
823372
1610877
1708823
341806
1395967
438116
1591705
809943
1466086
1449107
9399
2358256
1959049
2336005
234672
972253
948271
1970974
2550595
1280254
882429
2556571
1063193
1810670
1449738
2411610
486529
2405523
1797427
1288336
1761042
7063
1085610
2001263
461990
2513157
1846515
330802
2240369
2125956
2455567
2430267
1046393
2331985
1025008
1556712
2269328
895914
479092
1438498
1193629
2229846
885257
1909219
104821
845597
1513841
2434614
2013867
265043
1267957
156430
1422981
1759205
1368151
1119513
1906808
2378561
559344
1845777
540778
2098084
94821
2498797
2460974
1086736
1963686
2425741
2251258
1480821
986015
1729432
2380973
1997474
1250989
2537083
1840542
2555117
1391652
2646207
1879437
609629
2108079
2399030
1179982
1108004
171185
1617787
20328
2331306
852275
751283
801010
890675
1955703
54864
355834
1229252
890310
533749
712405
1003341
1648404
2061360
141920
2566318
2222874
1793274
1309932
2248484
1690279
2251831
165595
2279609
1117923
1137400
122431
1100863
1405557
2379776
830181
1370323
782075
2582052
1007328
733049
967062
1428788
2182331
2561741
1794245
652592
1187765
1664193
1285230
1179769
1385895
1067986
2344995
1479374
2640210
1436407
1968161
590429
1607163
969948
1626829
2301856
1182702
1509725
1523159
526238
979197
1110291
2445424
1390264
170870
1737191
1405888
977606
1781102
697116
1377693
604949
1028480
2239892
687967
923606
1474958
1002870
2255529
2289721
946528
227469
66179
2359103
1939632
2315211
85824
244994
155233
2283398
635758
2224525
1978244
2454469
1476054
1594839
988817
2213715
1339740
1952604
1616707
803945
826871
253326
1562968
1901496
2445646
1035326
905964
2003762
708596
2437552
981953
294301
1316605
1838859
2018721
1327480
1000710
809831
378481
1966321
458656
610622
569379
2376860
2444438
1322957
2032679
2035541
547130
2311049
1078644
1567048
2432717
1711346
13266
2581605
2576015
936713
2400234
575029
2400283
1539884
1460170
1326146
2245932
2427575
2524267
1729139
749139
1436645
2194798
886841
2502208
2203889
1659478
1540611
26592
1089335
482035
894519
2497520
2596061
540732
1714542
2503129
1375573
1485959
1516834
244213
2543158
1217933
573533
2019266
1189241
707563
2276394
94874
589563
2635599
2265729
9850
1204886
116353
1316252
169949
101692
2417914
2223604
968242
1497241
2369705
1419757
948733
1341813
601147
1557477
1997127
1153067
1944505
7628
2576196
754135
193303
1780039
298623
1416785
1010649
1535537
2318617
2225399
1632338
2166365
1807199
1993723
1437440
2132002
2290578
2043617
1524620
6504
2080585
1009405
2042756
2060403
312903
803911
2602874
1819434
300777
805343
443572
441196
135161
345186
941970
2482518
1435383
212329
2218289
1792263
287695
1459910
988972
2490540
2311775
786731
669921
277786
730027
1531781
1600684
2177221
947661
2075828
889439
1384093
79799
1919985
626090
1745527
811357
520472
412221
2589669
1341247
723545
1218493
1209343
2437983
2626033
2242333
683671
1640419
2455503
1609975
743813
1134084
1167439
1977925
59005
2517588
85562
1566425
81922
2338453
1307002
2024984
749353
1687310
2441383
649547
2173870
2098310
874065
550615
219903
780850
2561009
351037
1275277
1585165
1634710
397948
1861482
417046
1976522
1603694
2622129
364739
1757056
749591
990773
667102
88334
297809
777010
1580481
2281685
308088
1807143
149028
456205
968162
1219818
1127519
597776
626377
880471
504243
1142168
867925
571332
2579439
1994646
77225
566255
1711710
1349433
923149
1577696
2388250
2108672
1912012
569333
1326993
178886
357482
1142130
2360300
2439537
305197
2353302
1839934
2306038
819056
1567051
627503
599328
2526173
2038939
332558
1778599
2493786
109541
1933788
2258288
1122480
704850
876475
213863
155159
646757
2198355
2515736
1803723
1575539
2573015
1381955
115240
1456866
2451973
342274
1111007
1560219
71426
1134129
521074
1834546
370097
852524
1390282
1329886
1521076
1652323
1273304
2038372
256656
2193455
1985504
2253129
461065
1731826
2247045
1496865
924192
2150155
431074
644045
2469970
1200504
1216096
1919197
1878354
496645
166205
202435
1867548
1291562
2419256
722394
1194439
1796588
1784950
1949010
162303
1819620
801513
1324871
179995
938804
1413747
1327840
538677
2186231
1244810
17433
2244916
1504759
1981151
1826093
1228106
1269749
1593063
1859236
1899288
2318166
2167190
2604897
1702841
2163438
1382766
1488032
1434295
1955169
446342
249933
2325794
375046
1110296
1826163
21983
805637
1902621
1015558
78516
642060
312706
895732
1850399
1596876
1437130
2471978
1083720
2317746
1518269
97895
1724291
89248
2193570
1877934
1310736
2329945
277099
868680
141745
1091251
721603
1726364
2517870
1948804
1599561
1242367
2448561
198459
68297
919393
2647559
2124342
2213581
1537898
1821068
2312227
671869
604173
1952121
1046839
2009801
259275
713769
831272
1307666
2455
1551543
1055226
40445
1566775
830363
264900
2084726
1349682
175445
149041
433126
313693
2316326
1517889
2405506
268159
1135847
2618537
1401974
1102302
1731102
2394335
2554548
2040324
948558
1832225
295135
508335
250643
1006269
1527206
604335
2034933
1549026
2066003
746270
1547655
806267
2135424
1967145
377975
1853781
465571
975229
2457662
1181115
2075891
2115337
2055639
254097
2199182
2578697
2369316
2616793
1214640
1306621
340849
996577
691919
1113485
1630992
1668666
2241486
1339156
1593175
2368627
24801
1177848
720145
308487
1602857
196182
1339428
2631649
1004790
1949220
2344669
1582151
127061
2136083
1752463
1892654
2254991
645873
1116907
1278390
862396
578896
705534
1888738
1320082
728413
1748002
434585
1757417
660434
2360665
2308483
2152739
424184
2217043
517186
1619362
2164462
926578
1257103
1036336
535510
569783
2222864
1842734
2326664
755584
1492162
1903582
1197141
635070
691210
386668
2369955
1373951
78523
2051376
557562
375726
1850091
2528840
2037342
232549
1888772
1318179
1771589
1720661
768710
1985315
235302
928497
2420478
309333
881431
1974577
1697754
2595864
2145249
855309
1100906
1933952
242896
1051945
614278
1343237
1401922
2162729
2167828
977681
2492994
113090
2543825
168108
1644750
186604
1062351
2473448
152178
1292216
408037
219410
2552589
215384
1372532
1842511
2355266
2157611
291914
632060
127884
2395648
2160091
1140532
776411
212227
267611
1910693
430738
697601
1956010
1985841
1068044
1005606
1634443
624145
1893554
1704440
2018759
816237
2105371
2157854
2575145
1224253
345083
2458825
946075
1759189
1109293
458919
1586276
2289798
1684165
896630
983389
2154901
1053310
1564095
399637
1125570
1875019
1502195
347686
522647
1418569
1432549
246119
108891
1362044
1642992
2243423
180200
1435555
642537
2456207
1716938
98676
1277391
2182671
1210948
525354
263150
2617902
1196022
1652573
245430
1531520
756209
167763
2436452
1335582
1424040
2029743
2349759
1392880
1449277
1697157
544833
2376328
1365790
934693
612817
1561126
494150
1497251
626118
1740297
2113542
1400206
206222
2350917
35996
528423
1264313
2341509
537270
1072766
96013
2006046
824478
916708
1662625
2291457
530441
298981
1644346
311711
485973
618931
1514852
68685
2046079
2613456
857880
2444052
1783789
222956
1810414
1572525
2641801
1885422
561533
2487812
1233335
397392
2180134
2563721
2188949
1831014
2205998
151528
541822
628251
2406034
258627
1049321
1088457
360556
1649582
787352
2042154
19970
428558
936113
2091589
1895592
1079746
340106
2170243
1062852
2413170
1070519
1528530
1010964
994077
64059
2296095
509864
148394
796191
1396036
1494552
2299681
1761842
1781536
2583754
2301648
2602886
98579
2147779
2503103
1338301
1003967
132277
1254363
1515242
123988
740199
445152
2142405
969785
915193
1146626
1069088
2178055
964327
1336618
1702681
642621
1952102
17890
1788942
1961236
1394815
672941
1219833
1388664
735710
75673
411053
369978
830262
1135509
1500614
10638
396942
2905
2475538
383024
1930074
687648
1714546
1841951
917063
493082
700373
800445
2622042
656460
1928964
2444873
1802288
1452061
707630
178603
1242475
474106
1146375
1268171
1241676
2511049
1824061
2360244
2073753
1470838
1071305
1425971
845634
1937311
1257698
370904
1072193
914358
400876
796682
92056
479781
2057828
2121720
39809
1803311
2384855
1091113
781505
172377
1085864
292654
58995
1298629
482971
911710
1417406
2008504
1964566
2585997
1379561
2597161
273598
388122
1349680
673526
923069
1893596
1475293
1970437
1961168
1163189
2510709
1795110
1981970
2547661
1299338
806045
121369
1342785
1443417
1207218
972204
642543
868634
1286787
2088489
423302
1400378
187251
1912389
302304
604867
988097
13227
769
105221
1863119
2307943
1146055
2171718
502355
206903
1557208
1389295
1562593
2534672
161533
1037182
1874618
985995
2407208
2362017
2354601
1513103
430318
1979488
2385963
1574825
629383
1329619
2516786
332487
2034703
1732365
176896
294948
1960295
1467298
2536720
2587732
328516
2324305
921658
2010923
1288714
1367218
1731259
279120
1698123
1406309
797705
640323
1252392
76023
2465313
322191
2169183
491766
2010173
2080171
2521561
230252
2099651
2023084
145916
961675
1295263
1885016
611083
770860
998104
1402813
950189
1888899
558480
2530071
1911422
2362548
1498712
2215598
999410
2563204
2558357
2508428
2399157
783797
779744
784796
1026638
1126513
1987434
1160772
1153585
216534
1695864
1457172
494486
452919
139989
980393
412824
83858
2553247
255988
1211730
2474661
787598
1882719
2566731
1319661
352812
975488
1196093
1346943
897762
1747859
1719966
131910
2099107
1053165
2387369
150950
2361340
622194
1537868
2504752
2598477
849369
1006156
967163
3604
1572469
2215788
1645937
1834472
1238258
1481728
834412
716107
511942
915959
1741931
687235
1125189
2084925
902498
600251
176934
676123
1732302
1849621
704069
106254
1009033
214955
652389
1518071
2498949
2097749
1546535
973453
1655237
1681055
1964980
278336
1259643
2028530
14081
1136807
2591450
1019603
1416445
2025860
1326886
286912
2157783
2180924
1784946
2455789
998506
787977
968808
2477751
2558401
611729
2634028
456445
279477
1777163
1188163
1347949
1905989
2072762
1725567
1445724
849485
576943
1765862
2427512
1586184
730649
2518195
766133
2203451
1343436
1261084
1427259
1289074
715533
2080822
990831
341108
1615638
1028737
2471478
539112
1508633
762651
198845
1886161
270049
2626507
1367589
2343379
157631
2116230
745163
518123
265848
737905
896753
1072055
109205
732567
1806750
1230390
2264796
2319621
2274004
1406872
787316
2351412
1903877
1547173
2170242
2259483
2635943
486750
1766112
1233953
10273
1662118
682992
204154
1782687
928691
1160232
1691319
1749866
526568
168837
2017214
1270901
1871937
1903977
799667
734172
2262258
2127784
1642040
722289
2501068
2567279
766840
431019
2336502
1478543
1297529
360923
2523125
1093643
1542002
1188144
1628552
1024036
1556093
1316977
2448380
1759820
2606295
444169
1405485
1767952
1652105
59143
1542510
729029
2169737
1679999
2593295
648350
2197243
1664442
1050789
2078947
1053828
2190996
710207
45837
2503749
1100934
1585767
1092228
1512017
264988
123750
635808
288971
1877623
2507981
261348
38955
2637979
2072840
1049975
207793
390067
229617
677314
859167
836435
2238110
2537089
1948838
2430300
1130261
2310027
2339841
1692152
1113177
1597367
374238
2084678
709867
469003
430983
2589277
2334416
1592434
933259
69809
2068869
1996688
1348653
1453242
1493593
795658
1879179
235253
1673689
756299
196140
1559840
2221951
2628869
2290352
997467
1644320
501511
2448892
1163702
466977
2227681
1386910
1081980
1766159
685718
991649
360846
1765230
497052
352590
196349
1987806
1132431
363163
1647714
452784
2480035
2398969
1969536
976192
1589111
2491226
1088005
2525544
1001461
2052520
2527066
476539
1617710
464478
153319
511613
1625343
527592
592394
35111
310178
432405
1231291
980771
158121
2648734
2505740
2055183
918562
2404300
976615
571810
1123243
794657
1026507
337186
1691201
2375713
940583
2332186
2280280
1680732
1093011
2421781
1611206
2628018
2449356
977973
657543
887393
1143036
741340
2621129
993341
2030888
1266917
2589332
2205125
2631565
1186815
1872532
2503994
2465070
598781
197102
586456
1421792
139147
1753001
672801
2597822
2332943
495800
2537646
2619756
449335
1122985
2387695
544690
2212422
840207
380878
1388044
251613
2385309
2197402
1381258
1703573
542323
1142380
1192958
1555872
1083496
1099404
2066932
322199
2592256
1872204
2380866
2383662
1485848
633054
1335559
1700782
1688557
959444
1581163
2495459
1932106
